     Gender  Age Range  Head Size(cm^3)  Brain Weight(grams)  Predicted Result
231       2          2             3704                 1220                 2
23        1          1             3710                 1270                 1
86        1          2             3309                 1120                 2
88        1          2             3506                 1280                 1
150       2          1             3413                 1322                 2
182       2          1             4005                 1280                 1
44        1          1             3863                 1340                 1
131       1          2             3532                 1335                 1
22        1          1             3804                 1275                 1
199       2          2             3297                 1220                 2