
 Cluster Summary:
----------------------------------------------------------------------------------------------------------------------------------
               Age     Spending        Income  NumWebPurchases  NumStorePurchases  NumWebVisitsMonth    Recency
Cluster                                                                                                        
0        48.758850   114.064159  32837.701327         2.157080           3.243363           6.652655  24.429204
1        46.089820  1307.272455  75444.853293         4.763473           8.799401           2.790419  48.685629
2        49.092643   116.757493  32783.937330         2.343324           3.196185           7.065395  77.005450
3        59.727907   884.241860  59554.174419         7.858140           7.925581           6.397674  46.097674
4        68.977778  1205.717460  77107.879365         4.536508           8.225397           2.526984  52.885714
5        68.028302   170.496855  43426.745283         2.575472           4.018868           5.371069  52.097484
----------------------------------------------------------------------------------------------------------------------------------