

Logistic Regression
-----------------------------------------------------------------
      Age      Fare  Sex  sibsp  Parch  Pclass  Embarked  Survived  Predicted Result
314  43.0   26.2500    0      1      1       2       2.0         0                 0
709  28.0   15.2458    0      1      1       3       0.0         1                 0
351  28.0   35.0000    0      0      0       1       2.0         0                 0
641  24.0   69.3000    1      0      0       1       0.0         1                 1
280  65.0    7.7500    0      0      0       3       1.0         0                 0
609  40.0  153.4625    1      0      0       1       2.0         1                 1
930  28.0   56.4958    0      0      0       3       2.0         0                 0
886  27.0   13.0000    0      0      0       2       2.0         0                 0
569  32.0    7.8542    0      0      0       3       2.0         1                 0
715  19.0    7.6500    0      0      0       3       2.0         0                 0
            
Testing Accuracy:80.0
-----------------------------------------------------------------
Decision Tree Classifier
-----------------------------------------------------------------
      Age      Fare  Sex  sibsp  Parch  Pclass  Embarked  Survived  Predicted Result
314  43.0   26.2500    0      1      1       2       2.0         0                 0
709  28.0   15.2458    0      1      1       3       0.0         1                 0
351  28.0   35.0000    0      0      0       1       2.0         0                 1
641  24.0   69.3000    1      0      0       1       0.0         1                 1
280  65.0    7.7500    0      0      0       3       1.0         0                 0
609  40.0  153.4625    1      0      0       1       2.0         1                 0
930  28.0   56.4958    0      0      0       3       2.0         0                 0
886  27.0   13.0000    0      0      0       2       2.0         0                 0
569  32.0    7.8542    0      0      0       3       2.0         1                 0
715  19.0    7.6500    0      0      0       3       2.0         0                 0
            
Testing Accuracy:60.0
-----------------------------------------------------------------
